00025||1000
00050|t|1000
00055||1000
00089|t|1000
00090|t|1000
00150|t|1000
00189|t|1000
00190|t|1000
00215||1000
00250|t|1000
00253||1000
00289|t|1000
00290|t|1000
00302||1000
00350|t|1000
00389|t|1000
00390|t|1000
00427||1000
00450|t|1000
00483||1000
00489|t|1000
00490|t|1000
00550|t|1000
00579||1000
00589|t|1000
00590|t|1000
00609||1000
00650|t|1000
00679||1000
00689|t|1000
00690|t|1000
00700|c|1000
00701|c|1000
00702|c|1000
00703|c|1000
00704|c|1000
00705|c|1000
00706|c|1000
00707|c|1000
00708|c|1000
00709|c|1000
00710|c|1000
00711|c|1000
00712|c|1000
00713|c|1000
00714|c|1000
00715||1000
00715|c|1000
00716|c|1000
00717|c|1000
00718|c|1000
00719|c|1000
00720|c|1000
00721|c|1000
00722|c|1000
00723|c|1000
00724|c|1000
00725|c|1000
00726|c|1000
00727|c|1000
00728|c|1000
00729|c|1000
00730|c|1000
00731|c|1000
00732|c|1000
00733|c|1000
00734|c|1000
00735|c|1000
00736|c|1000
00737|c|1000
00738|c|1000
00739|c|1000
00740|c|1000
00741|c|1000
00742|c|1000
00743|c|1000
00744|c|1000
00745|c|1000
00746|c|1000
00747|c|1000
00748|c|1000
00749|c|1000
00749|a|9600
00750||500000
00751|a|9600
00751|c|1000
00752|c|1000
00753|c|1000
00754|c|1000
00755|c|1000
00756|c|1000
00757|c|1000
00758||1000
00758|c|1000
00759|c|1000
00760|c|1000
00761|c|1000
00762|c|1000
00763|c|1000
00764|c|1000
00765|c|1000
00766|c|1000
00767|c|1000
00768|c|1000
00769|c|1000
00770|c|1000
00771|c|1000
00772|c|1000
00773|c|1000
00774|c|1000
00775|c|1000
00776|c|1000
00777|c|1000
00778|c|1000
00779|c|1000
00780|c|1000
00781|c|1000
00782|c|1000
00783|c|1000
00784|c|1000
00785|c|1000
00786|c|1000
00787|c|1000
00788|c|1000
00789|c|1000
00789|t|1000
00790|c|1000
00790|t|1000
00791|c|1000
00792|c|1000
00793|c|1000
00794|c|1000
00795|c|1000
00796|c|1000
00797|c|1000
00798|c|1000
00799|c|1000
00850|t|1000
00889|t|1000
00890|t|1000
00936||1000
00950|t|1000
00952||1000
00989|t|1000
00990|t|1000
01038||1000
01050|t|1000
01065||1000
01089|t|1000
01090|t|1000
01134||1000
01150|t|1000
01189|t|1000
01190|t|1000
01250|t|1000
01289|t|1000
01290|t|1000
01300||1000
01350|t|1000
01371||1000
01389|t|1000
01390|t|1000
01425||1000
01450|t|1000
01489|t|1000
01490|t|1000
01502||1000
01550|t|1000
01589|t|1000
01590|t|1000
01631||1000
01650|t|1000
01689|t|1000
01690|t|1000
01750|t|1000
01789|t|1000
01790|t|1000
01839||1000
01850|t|1000
01855||1000
01870||1000
01889|t|1000
01890|t|1000
01900||1000
01921||1000
01950|t|1000
01989|t|1000
01990|t|1000
02047||1000
02050|t|1000
02066||1000
02089|t|1000
02090|t|1000
02150|t|1000
02189|t|1000
02190|t|1000
02250|t|1000
02289|t|1000
02290|t|1000
02300||1000
02350|t|1000
02363||1000
02389|t|1000
02390|t|1000
02450|t|1000
02482||1000
02489|t|1000
02490|t|1000
02519||1000
02550|t|1000
02589|t|1000
02590|t|1000
02601||1000
02607||1000
02647||1000
02650|t|1000
02654||1000
02658||1000
02689|t|1000
02690|t|1000
02750|t|1000
02789|t|1000
02790|t|1000
02820||1000
02831||1000
02850|t|1000
02889|t|1000
02890|t|1000
02950||1000
02950|t|1000
02989|t|1000
02990|t|1000
03024||1000
03050|t|1000
03061||1000
03073||1000
03089|t|1000
03090|t|1000
03141||1000
03150|t|1000
03159||1000
03189|t|1000
03190|t|1000
03250|t|1000
03289|t|1000
03290|t|1000
03350||1000
03350|t|1000
03366||1000
03389|t|1000
03390|t|1000
03450|t|1000
03472||1000
03489|t|1000
03490|t|1000
03498||1000
03550|t|1000
03589|t|1000
03590|t|1000
03644||1000
03650|t|1000
03689|t|1000
03690||1000
03690|t|1000
03692||1000
03732||1000
03750|t|1000
03783||1000
03789|t|1000
03790|t|1000
03847||1000
03850|t|1000
03889|t|1000
03890|t|1000
03917||1000
03950|t|1000
03989|t|1000
03990|t|1000
04031||1000
04050|t|1000
04076||1000
04089|t|1000
04090|t|1000
04099||1000
04129||1000
04150|t|1000
04189|t|1000
04190|t|1000
04220||1000
04250|t|1000
04264||1000
04289|t|1000
04290|t|1000
04319||1000
04350|t|1000
04376||1000
04381||1000
04389|t|1000
04390|t|1000
04450|t|1000
04466||1000
04489|t|1000
04490|t|1000
04538||1000
04550|t|1000
04589|t|1000
04590|t|1000
04626||1000
04650|t|1000
04653||1000
04689|t|1000
04690|t|1000
04750|t|1000
04789|t|1000
04790|t|1000
04850|t|1000
04889|t|1000
04890|t|1000
04897||1000
04905||1000
04935||1000
04950|t|1000
04975||1000
04989|t|1000
04990|t|1000
05050|t|1000
05085||1000
05089|t|1000
05090|t|1000
05147||1000
05150|t|1000
05189|t|1000
05190|t|1000
05213||1000
05248||1000
05250|t|1000
05274||1000
05289|t|1000
05290|t|1000
05350|t|1000
05389|t|1000
05390|t|1000
05401||1000
05431||1000
05432||1000
05450|t|1000
05456||1000
05489|t|1000
05490|t|1000
05550|t|1000
05589|t|1000
05590||1000
05590|t|1000
05650|t|1000
05683||1000
05689|t|1000
05690|t|1000
05692||1000
05750|t|1000
05789|t|1000
05790|t|1000
05830||1000
05850|t|1000
05867||1000
05889|t|1000
05890|t|1000
05897||1000
05907||1000
05913||1000
05930||1000
05950|t|1000
05970||1000
05989|t|1000
05990|t|1000
06013||1000
06017||1000
06050||1000
06050|t|1000
06064||1000
06089|t|1000
06090|t|1000
06110||1000
06115||1000
06150|t|1000
06189|t|1000
06190|t|1000
06202||1000
06250|t|1000
06267||1000
06289|t|1000
06290|t|1000
06293||60000
06313||1000
06350|t|1000
06389|t|1000
06390|t|1000
06404||1000
06405||1000
06434||1000
06450|t|1000
06489|t|1000
06490|t|1000
06497||1000
06550|t|1000
06589|t|1000
06590|t|1000
06646||1000
06650|t|1000
06689|t|1000
06690|t|1000
06750|t|1000
06755||1000
06789|t|1000
06790|t|1000
06791||1000
06795||1000
06850|t|1000
06889|t|1000
06890|t|1000
06930||1000
06950|t|1000
06989|t|1000
06990|t|1000
07050|t|1000
07089|t|1000
07090|t|1000
07099||1000
07124||1000
07150|t|1000
07158||1000
07167||1000
07189|t|1000
07190|t|1000
07215||1000
07250|t|1000
07289|t|1000
07290|t|1000
07350|t|1000
07362||1000
07366||1000
07389|t|1000
07390|t|1000
07450|t|1000
07485||1000
07489|t|1000
07490|t|1000
07550|t|1000
07580||1000
07589|t|1000
07590|t|1000
07595||1000
07617||1000
07632||1000
07650|t|1000
07689|t|1000
07690|t|1000
07695||1000
07750|t|1000
07759||1000
07789|t|1000
07790|t|1000
07820||1000
07850|t|1000
07862||1000
07870||1000
07889|t|1000
07890|t|1000
07932||1000
07949||1000
07950|t|1000
07960||1000
07963||1000
07989|t|1000
07990|t|1000
08038||1000
08050|t|1000
08089|t|1000
08090|t|1000
08138||1000
08150|t|1000
08189|t|1000
08190|t|1000
08250|t|1000
08289|t|1000
08290|t|1000
08350|t|1000
08363||1000
08377||1000
08389|t|1000
08390|t|1000
08413||1000
08446||1000
08450|t|1000
08456||1000
08489|t|1000
08490|t|1000
08503||1000
08541||1000
08550|t|1000
08589|t|1000
08590|t|1000
08607||1000
08644||1000
08646||1000
08650||1000
08650|t|1000
08689|t|1000
08690|t|1000
08750|t|1000
08789|t|1000
08790|t|1000
08850|t|1000
08866||1000
08878||1000
08889|t|1000
08890|t|1000
08950|t|1000
08989|t|1000
08990|t|1000
08995||1000
09001||1000
09007||1000
09023||1000
09028||1000
09046||1000
09050|t|1000
09089|t|1000
09090|t|1000
09103||1000
09150|t|1000
09189|t|1000
09190|t|1000
09222||1000
09250|t|1000
09289|t|1000
09290|t|1000
09336||1000
09350|t|1000
09359||1000
09389|t|1000
09390|t|1000
09450|t|1000
09469||1000
09471||1000
09477||1000
09489|t|1000
09490|t|1000
09500||1000
09502||1000
09530||1000
09533||1000
09550|t|1000
09589|t|1000
09590|t|1000
09640||1000
09650|t|1000
09678||1000
09689|t|1000
09690|t|1000
09726||1000
09750|t|1000
09778||1000
09789|t|1000
09790|t|1000
09832||1000
09850|t|1000
09861||1000
09889|t|1000
09890|t|1000
09950|t|1000
09985||1000
09989|t|1000
09990|t|1000
10031||1000
10040||1000
10042||1000
10050|t|1000
10089|t|1000
10090|t|1000
10126||1000
10150|t|1000
10189|t|1000
10190|t|1000
10195||1000
10250|t|1000
10289|t|1000
10290|t|1000
10344||1000
10350|t|1000
10389|t|1000
10390|t|1000
10395||1000
10396||1000
10413||1000
10450|t|1000
10452||1000
10489|t|1000
10490|t|1000
10496||1000
10506||1000
10550|t|1000
10584||1000
10589|t|1000
10590|t|1000
10650|t|1000
10689|t|1000
10690|t|1000
10750|t|1000
10761||1000
10789|t|1000
10790|t|1000
10850|t|1000
10889|t|1000
10890|t|1000
10900||1000
10900|c|1000
10901|c|1000
10902|c|1000
10903|c|1000
10904|c|1000
10905|c|1000
10906|c|1000
10907|c|1000
10908|c|1000
10909|c|1000
10910|c|1000
10911|c|1000
10912|c|1000
10913|c|1000
10914|c|1000
10915|c|1000
10916|c|1000
10917|c|1000
10918|c|1000
10919|c|1000
10920|c|1000
10921|c|1000
10922|c|1000
10923|c|1000
10924|c|1000
10925|c|1000
10926|c|1000
10927|c|1000
10928|c|1000
10929|c|1000
10930|c|1000
10931|c|1000
10932|c|1000
10933|c|1000
10934|c|1000
10935|c|1000
10936|c|1000
10937|c|1000
10938|c|1000
10939|c|1000
10940|c|1000
10941|c|1000
10942|c|1000
10943|c|1000
10944|c|1000
10945|c|1000
10946|c|1000
10947|c|1000
10948|c|1000
10949|c|1000
10950|c|1000
10950|t|1000
10951|c|1000
10952|c|1000
10953|c|1000
10954||1000
10954|c|1000
10955|c|1000
10956|c|1000
10957|c|1000
10958|c|1000
10959|c|1000
10960|c|1000
10961|c|1000
10962|c|1000
10963|c|1000
10964|c|1000
10965|c|1000
10966|c|1000
10967|c|1000
10968|c|1000
10969|c|1000
10970|c|1000
10971|c|1000
10972|c|1000
10973|c|1000
10974|c|1000
10975|c|1000
10976|c|1000
10977|c|1000
10978|c|1000
10979|c|1000
10980|c|1000
10981|c|1000
10982|c|1000
10983|c|1000
10984|c|1000
10985|c|1000
10986|c|1000
10987|c|1000
10988|c|1000
10988|a|12500
10989||1250000
10990|a|12500
10990|c|1000
10990|t|1000
10991|c|1000
10992|c|1000
10993|c|1000
10994|c|1000
10995|c|1000
10996|c|1000
10997|c|1000
10998|c|1000
10999|c|1000
11025||1000
11026||1000
11029||1000
11050|t|1000
11089|t|1000
11090|t|1000
11092||1000
11150|t|1000
11189||1000
11189|t|1000
11190|t|1000
11198||1000
11233||1000
11250|t|1000
11289|t|1000
11290|t|1000
11305||1000
11350|t|1000
11389|t|1000
11390|t|1000
11450||1000
11450|t|1000
11489|t|1000
11490|t|1000
11516||1000
11519||1000
11550|t|1000
11589|t|1000
11590|t|1000
11633||1000
11644||1000
11650|t|1000
11661||1000
11689|t|1000
11690|t|1000
11710||1000
11750|t|1000
11789|t|1000
11790|t|1000
11812||1000
11850|t|1000
11852||1000
11889|t|1000
11890|t|1000
11950|t|1000
11971||1000
11989|t|1000
11990|t|1000
12050|t|1000
12059||1000
12075||1000
12089|t|1000
12090||1000
12090|t|1000
12091||1000
12098||1000
12116||1000
12150|t|1000
12161||1000
12189|t|1000
12190|t|1000
12197||1000
12250|t|1000
12289|t|1000
12290|t|1000
12350|t|1000
12389|t|1000
12390|t|1000
12441||1000
12450|t|1000
12464||1000
12489|t|1000
12490|t|1000
12521||1000
12550|t|1000
12585||1000
12589|t|1000
12590|t|1000
12650|t|1000
12661||1000
12665||1000
12671||1000
12689|t|1000
12690|t|1000
12691||1000
12700||1000
12750|t|1000
12789|t|1000
12790|t|1000
12850|t|1000
12860||1000
12889|t|1000
12890|t|1000
12892||1000
12950|t|1000
12989|t|1000
12990|t|1000
13037||1000
13050|t|1000
13089|t|1000
13090|t|1000
13150|t|1000
13164||1000
13189|t|1000
13190|t|1000
13239||1000
13250|t|1000
13289|t|1000
13290|t|1000
13298||1000
13299||1000
13350|t|1000
13358||1000
13389|t|1000
13390|t|1000
13414||1000
13450|t|1000
13489|t|1000
13490|t|1000
13548||1000
13550|t|1000
13589|t|1000
13590|t|1000
13650|t|1000
13689|t|1000
13690|t|1000
13750|t|1000
13770||1000
13788||1000
13789||1000
13789|t|1000
13790|t|1000
13813||1000
13826||1000
13850|t|1000
13889|t|1000
13890|t|1000
13936||1000
13950|t|1000
13989|t|1000
13990|t|1000
14050|t|1000
14089|t|1000
14090|t|1000
14107||1000
14150|t|1000
14189|t|1000
14190|t|1000
14194||1000
14208||1000
14219||1000
14250|t|1000
14289|t|1000
14290|t|1000
14328||1000
14350|t|1000
14389|t|1000
14390|t|1000
14400||1000
14450|t|1000
14489|t|1000
14490|t|1000
14499||1000
14534||1000
14545||1000
14550|t|1000
14565||1000
14589|t|1000
14590|t|1000
14604||1000
14632||1000
14650|t|1000
14689|t|1000
14690|t|1000
14697||1000
14703||1000
14750||1000
14750|t|1000
14789|t|1000
14790|t|1000
14850|t|1000
14889|t|1000
14890|t|1000
14913||1000
14950|t|1000
14989|t|1000
14990|t|1000
15050|t|1000
15089|t|1000
15090|t|1000
15140||1000
15150|t|1000
15189|t|1000
15190|t|1000
15211||1000
15216||1000
15221||1000
15231||1000
15250|t|1000
15271||1000
15289|t|1000
15290|t|1000
15350|t|1000
15389|t|1000
15390|t|1000
15403||1000
15449||1000
15450|t|1000
15489|t|1000
15490|t|1000
15523||1000
15550|t|1000
15589|t|1000
15590|t|1000
15650|t|1000
15689|t|1000
15690|t|1000
15718||1000
15750|t|1000
15789|t|1000
15790|t|1000
15810||1000
15818||1000
15850|t|1000
15889|t|1000
15890|t|1000
15896||1000
15948||1000
15950|t|1000
15956||1000
15989|t|1000
15990|t|1000
16020||1000
16050|t|1000
16082||1000
16089|t|1000
16090|t|1000
16150|t|1000
16188||1000
16189|t|1000
16190|t|1000
16212||1000
16236||1000
16250||1000
16250|t|1000
16289|t|1000
16290|t|1000
16350|t|1000
16389|t|1000
16390|t|1000
16402||1000
16443||1000
16450|t|1000
16489|t|1000
16490|t|1000
16550|t|1000
16589|t|1000
16590|t|1000
16602||1000
16604||1000
16650|t|1000
16689|t|1000
16690|t|1000
16750|t|1000
16789|t|1000
16790|t|1000
16822||1000
16850|t|1000
16854||1000
16889|t|1000
16890|t|1000
16950|t|1000
16989|t|1000
16990|t|1000
17050|t|1000
17089|t|1000
17090|t|1000
17150|t|1000
17189|t|1000
17190|t|1000
17250|t|1000
17289|t|1000
17290|t|1000
17319||1000
17350|t|1000
17389|t|1000
17390|t|1000
17404||1000
17409||1000
17449||1000
17450|t|1000
17485||1000
17489|t|1000
17490|t|1000
17550|t|1000
17568||1000
17589|t|1000
17590|t|1000
17629||1000
17632||1000
17639||1000
17650|t|1000
17685||1000
17687||1000
17689|t|1000
17690|t|1000
17750|t|1000
17789|t|1000
17790|t|1000
17850|t|1000
17889|t|1000
17890|t|1000
17950|t|1000
17979||1000
17989|t|1000
17990|t|1000
18030||1000
18050|t|1000
18089|t|1000
18090|t|1000
18098||1000
18107||1000
18150|t|1000
18169||1000
18177||1000
18180||1000
18189|t|1000
18190|t|1000
18193||1000
18195||1000
18226||1000
18250|t|1000
18289|t|1000
18290|t|1000
18350|t|1000
18389|t|1000
18390|t|1000
18413||1000
18450|t|1000
18455||1000
18478||1000
18489|t|1000
18490|t|1000
18520||1000
18550|t|1000
18589|t|1000
18590|t|1000
18650|t|1000
18681||1000
18689|t|1000
18690|t|1000
18696||1000
18739||1000
18750|t|1000
18789|t|1000
18790|t|1000
18850|t|1000
18889|t|1000
18890|t|1000
18950|t|1000
18965||1000
18989|t|1000
18990|t|1000
19032||1000
19050|t|1000
19089|t|1000
19090|t|1000
19150|t|1000
19189|t|1000
19190|t|1000
19250|t|1000
19289|t|1000
19290|t|1000
19350|t|1000
19389|t|1000
19390|t|1000
19434||1000
19450|t|1000
19466||1000
19489|t|1000
19490|t|1000
19550|t|1000
19589|t|1000
19590|t|1000
19592||1000
19620||1000
19650|t|1000
19664||1000
19689|t|1000
19690|t|1000
19715||1000
19750|t|1000
19774||1000
19789|t|1000
19790|t|1000
19819||1000
19850|t|1000
19869||1000
19889|t|1000
19890|t|1000
19950|t|1000
19979||1000
19989|t|1000
19990|t|1000
20017||1000
20018||1000
20034||1000
20046||1000
20050|t|1000
20089|t|1000
20090|t|1000
20109||1000
20150|t|1000
20189|t|1000
20190|t|1000
20236||1000
20250|t|1000
20289|t|1000
20290|t|1000
20326||1000
20333||1000
20350|t|1000
20389|t|1000
20390|t|1000
20450|t|1000
20479||1000
20489|t|1000
20490|t|1000
20550|t|1000
20570||1000
20589|t|1000
20590|t|1000
20637||1000
20650|t|1000
20659||1000
20660||1000
20689|t|1000
20690|t|1000
20702||1000
20750|t|1000
20754||1000
20789|t|1000
20790|t|1000
20850|t|1000
20889|t|1000
20890|t|1000
20926||1000
20950|t|1000
20989|t|1000
20990|t|1000
21050|t|1000
21069||1000
21073||1000
21089|t|1000
21090|t|1000
21097||1000
21110||1000
21130||1000
21133||1000
21146||1000
21150|t|1000
21158||1000
21184||1000
21189|t|1000
21190|t|1000
21228||1000
21238||1000
21239||1000
21250|t|1000
21277||1000
21289|t|1000
21290|t|1000
21312||1000
21331||1000
21350|t|1000
21351||1000
21380||1000
21389|t|1000
21390|t|1000
21450|t|1000
21489|t|1000
21490|t|1000
21550|t|1000
21589|t|1000
21590|t|1000
21603||1000
21624||1000
21643||1000
21650|t|1000
21689|t|1000
21690|t|1000
21727||1000
21750|t|1000
21789|t|1000
21790|t|1000
21850|t|1000
21862||1000
21886||1000
21889|t|1000
21890|t|1000
21914||1000
21942||1000
21950|t|1000
21960||1000
21989|t|1000
21990|t|1000
22008||1000
22033||1000
22050|t|1000
22083||1000
22089|t|1000
22090|t|1000
22150|t|1000
22164||1000
22189|t|1000
22190|t|1000
22212||1000
22250|t|1000
22282||1000
22289|t|1000
22290|t|1000
22300||1000
22301||1000
22339||1000
22349||1000
22350|t|1000
22358||1000
22389|t|1000
22390|t|1000
22398||1000
22406||1000
22450|t|1000
22465||1000
22489|t|1000
22490|t|1000
22510||1000
22550|t|1000
22566||1000
22575||1000
22578||1000
22589|t|1000
22590|t|1000
22632||1000
22650|t|1000
22662||1000
22686||1000
22689|t|1000
22690|t|1000
22695||1000
22724||1000
22750|t|1000
22789|t|1000
22790|t|1000
22828||1000
22850|t|1000
22889|t|1000
22890|t|1000
22950|t|1000
22989|t|1000
22990|t|1000
23050|t|1000
23059||60000
23089|t|1000
23090|t|1000
23124||1000
23150|t|1000
23189|t|1000
23190|t|1000
23250|t|1000
23286||1000
23289|t|1000
23290|t|1000
23309||1000
23318||1000
23350|t|1000
23389|t|1000
23390|t|1000
23450|t|1000
23479||1000
23489|t|1000
23490||1000
23490|t|1000
23520||1000
23550|t|1000
23580||1000
23589|t|1000
23590|t|1000
23609||1000
23633||1000
23650|t|1000
23689|t|1000
23690|t|1000
23750|t|1000
23789|t|1000
23790|t|1000
23850|t|1000
23883||1000
23889|t|1000
23890|t|1000
23941||1000
23950|t|1000
23984||1000
23988||1000
23989|t|1000
23990|t|1000
24050|t|1000
24089|t|1000
24090|t|1000
24141||1000
24150|t|1000
24164||1000
24189|t|1000
24190|t|1000
24197||1000
24229||1000
24250|t|1000
24265||1000
24289|t|1000
24290|t|1000
24309||1000
24314||1000
24329||1000
24350|t|1000
24389|t|1000
24390|t|1000
24403||1000
24422||1000
24431||1000
24450|t|1000
24481||1000
24489|t|1000
24490|t|1000
24496||1000
24550|t|1000
24589|t|1000
24590|t|1000
24594||1000
24616||1000
24650|t|1000
24661||1000
24689|t|1000
24690|t|1000
24750|t|1000
24783||1000
24789|t|1000
24790|t|1000
24813||1000
24850|t|1000
24872||1000
24889|t|1000
24890|t|1000
24908||1000
24909||1000
24924||1000
24950|t|1000
24989|t|1000
24990|t|1000
24996||1000
25050|t|1000
25089|t|1000
25090|t|1000
25114||1000
25150|t|1000
25158||1000
25167||1000
25189|t|1000
25190|t|1000
25194||1000
25250|t|1000
25289|t|1000
25290|t|1000
25291||1000
25350|t|1000
25389|t|1000
25390|t|1000
25431||1000
25450|t|1000
25489|t|1000
25490|t|1000
25550|t|1000
25589|t|1000
25590|t|1000
25643||1000
25650|t|1000
25654||1000
25655||1000
25689|t|1000
25690|t|1000
25692||1000
25734||1000
25750|t|1000
25781||1000
25783||1000
25789|t|1000
25790|t|1000
25820||1000
25822||1000
25850||1000
25850|t|1000
25864||1000
25883||1000
25889|t|1000
25890|t|1000
25950|t|1000
25989|t|1000
25990|t|1000
26029||1000
26050|t|1000
26089|t|1000
26090|t|1000
26150|t|1000
26180||1000
26189|t|1000
26190|t|1000
26209||1000
26250|t|1000
26289|t|1000
26290|t|1000
26350|t|1000
26384||1000
26386||1000
26389|t|1000
26390|t|1000
26450|t|1000
26464||1000
26489|t|1000
26490|t|1000
26500|c|1000
26501|c|1000
26502|c|1000
26503|c|1000
26504|c|1000
26505|c|1000
26506|c|1000
26507|c|1000
26508|c|1000
26509|c|1000
26510|c|1000
26511|c|1000
26512|c|1000
26513|c|1000
26514|c|1000
26515|c|1000
26516|c|1000
26517|c|1000
26518|c|1000
26519|c|1000
26520|c|1000
26521|c|1000
26522|c|1000
26523|c|1000
26524|c|1000
26525|c|1000
26526|c|1000
26527|c|1000
26528|c|1000
26529|c|1000
26530|c|1000
26531|c|1000
26532|c|1000
26533|c|1000
26534|c|1000
26535|c|1000
26536|c|1000
26537|c|1000
26538|c|1000
26539|c|1000
26540|c|1000
26541|c|1000
26542|c|1000
26543|c|1000
26544|c|1000
26545|c|1000
26546|c|1000
26547|c|1000
26548|c|1000
26549|c|1000
26550|c|1000
26550|t|1000
26551|c|1000
26552|c|1000
26553|c|1000
26554|c|1000
26555|c|1000
26556|c|1000
26557|c|1000
26558|c|1000
26559|c|1000
26560|c|1000
26561|c|1000
26562|c|1000
26563|c|1000
26564|c|1000
26565|c|1000
26566|c|1000
26567|c|1000
26568|c|1000
26569|c|1000
26570|c|1000
26571|c|1000
26572|c|1000
26573|c|1000
26574|c|1000
26575|c|1000
26576|c|1000
26577|c|1000
26578|c|1000
26579|c|1000
26580|c|1000
26581|c|1000
26582|c|1000
26583|c|1000
26584|c|1000
26585|c|1000
26586|c|1000
26587|c|1000
26588|c|1000
26589|c|1000
26589|t|1000
26589|a|20000
26590||4000000
26591|a|20000
26591|c|1000
26592|c|1000
26593|c|1000
26594|c|1000
26595|c|1000
26596|c|1000
26597|c|1000
26598|c|1000
26599|c|1000
26614||1000
26650|t|1000
26689|t|1000
26690|t|1000
26701||1000
26750|t|1000
26789|t|1000
26790|t|1000
26836||1000
26850|t|1000
26852||1000
26864||1000
26885||1000
26889||1000
26889|t|1000
26890|t|1000
26927||1000
26950|t|1000
26966||1000
26989|t|1000
26990|t|1000
27015||1000
27030||1000
27035||1000
27050|t|1000
27089|t|1000
27090|t|1000
27150|t|1000
27159||1000
27189|t|1000
27190||1000
27190|t|1000
27227||1000
27250|t|1000
27289|t|1000
27290|t|1000
27291||1000
27331||1000
27343||1000
27350|t|1000
27389|t|1000
27390|t|1000
27401||1000
27450|t|1000
27454||1000
27473||1000
27489|t|1000
27490|t|1000
27550|t|1000
27589|t|1000
27590|t|1000
27601||1000
27623||1000
27650|t|1000
27653||1000
27667||1000
27689|t|1000
27690|t|1000
27692||1000
27750|t|1000
27776||1000
27789|t|1000
27790|t|1000
27836||1000
27850|t|1000
27857||1000
27866||1000
27889|t|1000
27890|t|1000
27950|t|1000
27980||1000
27989|t|1000
27990|t|1000
28050|t|1000
28089|t|1000
28090|t|1000
28091||1000
28092||1000
28150|t|1000
28189|t|1000
28190|t|1000
28250|t|1000
28257||1000
28289|t|1000
28290|t|1000
28350|t|1000
28389|t|1000
28390|t|1000
28434||1000
28450|t|1000
28455||1000
28489|t|1000
28490|t|1000
28503||1000
28517||1000
28550|t|1000
28553||1000
28580||1000
28589|t|1000
28590|t|1000
28636||1000
28650|t|1000
28665||1000
28669||1000
28689|t|1000
28690|t|1000
28710||1000
28737||1000
28741||1000
28750|t|1000
28789|t|1000
28790|t|1000
28839||1000
28850|t|1000
28889|t|1000
28890|t|1000
28949||1000
28950|t|1000
28957||1000
28971||1000
28989|t|1000
28990|t|1000
29050|t|1000
29073||1000
29089|t|1000
29090|t|1000
29137||1000
29150|t|1000
29185||1000
29189|t|1000
29190|t|1000
29206||1000
29219||1000
29250|t|1000
29254||1000
29289|t|1000
29290|t|1000
29350|t|1000
29384||1000
29389|t|1000
29390|t|1000
29431||1000
29450|t|1000
29459||1000
29470||1000
29489|t|1000
29490|t|1000
29550|t|1000
29589|t|1000
29590|t|1000
29650|t|1000
29689|t|1000
29690|t|1000
29712||1000
29750|t|1000
29789|t|1000
29790|t|1000
29850|t|1000
29889||1000
29889|t|1000
29890|t|1000
29950|t|1000
29989|t|1000
29990|t|1000
30010||1000
30039||1000
30050|t|1000
30077||1000
30089|t|1000
30090|t|1000
30091||1000
30150|t|1000
30189|t|1000
30190|t|1000
30205||1000
30211||1000
30232||1000
30250|t|1000
30289|t|1000
30290|t|1000
30296||1000
30341||1000
30350|t|1000
30389|t|1000
30390|t|1000
30398||1000
30438||1000
30450|t|1000
30459||1000
30467||1000
30489|t|1000
30490|t|1000
30529||1000
30550|t|1000
30589|t|1000
30590|t|1000
30603||1000
30620||1000
30650|t|1000
30665||1000
30666||1000
30689|t|1000
30690|t|1000
30722||1000
30723||1000
30750|t|1000
30789|t|1000
30790|t|1000
30811||1000
30850|t|1000
30884||1000
30889|t|1000
30890|t|1000
30948||1000
30950|t|1000
30989|t|1000
30990|t|1000
30995||1000
31050|t|1000
31089|t|1000
31090|t|1000
31111||1000
31119||1000
31128||1000
31150|t|1000
31188||1000
31189|t|1000
31190|t|1000
31196||1000
31217||1000
31250|t|1000
31289|t|1000
31290||1000
31290|t|1000
31312||1000
31343||1000
31350|t|1000
31389|t|1000
31390|t|1000
31423||1000
31430||1000
31450|t|1000
31460||1000
31479||1000
31489|t|1000
31490|t|1000
31522||1000
31550|t|1000
31569||1000
31589|t|1000
31590|t|1000
31650|t|1000
31659||1000
31663||1000
31689|t|1000
31690|t|1000
31750||1000
31750|t|1000
31789|t|1000
31790|t|1000
31798||1000
31835||1000
31850|t|1000
31889|t|1000
31890|t|1000
31950|t|1000
31964||1000
31989|t|1000
31990|t|1000
32002||1000
32021||1000
32050|t|1000
32067||1000
32089|t|1000
32090|t|1000
32098||1000
32150|t|1000
32156||1000
32160||1000
32189|t|1000
32190|t|1000
32250|t|1000
32289|t|1000
32290|t|1000
32346||1000
32350|t|1000
32381||1000
32389|t|1000
32390|t|1000
32420||1000
32444||1000
32450|t|1000
32482||1000
32489|t|1000
32490|t|1000
32500||1000
32511||1000
32550|t|1000
32582||1000
32589|t|1000
32590|t|1000
32650|t|1000
32681||1000
32689|t|1000
32690|t|1000
32750|t|1000
32779||1000
32789|t|1000
32790|t|1000
32825||1000
32829||1000
32850|t|1000
32867||1000
32889|t|1000
32890|t|1000
32927||1000
32936||1000
32942||1000
32950|t|1000
32973||1000
32978||1000
32981||1000
32989|t|1000
32990|t|1000
33017||1000
33032||1000
33048||1000
33050|t|1000
33081||1000
33089|t|1000
33090|t|1000
33122||1000
33150|t|1000
33189|t|1000
33190|t|1000
33250|t|1000
33255||1000
33270||1000
33289|t|1000
33290|t|1000
33296||1000
33327||1000
33350|t|1000
33366||1000
33389|t|1000
33390|t|1000
33450|t|1000
33489|t|1000
33490|t|1000
33510||1000
33525||1000
33529||1000
33550|t|1000
33589|t|1000
33590|t|1000
33650|t|1000
33661||1000
33689|t|1000
33690|t|1000
33715||1000
33749||1000
33750|t|1000
33789|t|1000
33790|t|1000
33850|t|1000
33868||1000
33889|t|1000
33890|t|1000
33945||1000
33950|t|1000
33952||1000
33954||1000
33959||1000
33979||1000
33989|t|1000
33990|t|1000
34050|t|1000
34075||1000
34089|t|1000
34090|t|1000
34116||1000
34150|t|1000
34189|t|1000
34190|t|1000
34250|t|1000
34289|t|1000
34290|t|1000
34331||1000
34344||1000
34350|t|1000
34389|t|1000
34390|t|1000
34426||1000
34450|t|1000
34459||1000
34489|t|1000
34490|t|1000
34513||1000
34540||1000
34547||1000
34549||1000
34550|t|1000
34569||1000
34589|t|1000
34590|t|1000
34650|t|1000
34657||1000
34689|t|1000
34690|t|1000
34744||1000
34750|t|1000
34789|t|1000
34790|t|1000
34850|t|1000
34889|t|1000
34890|t|1000
34950|t|1000
34976||1000
34989|t|1000
34990|t|1000
35003||1000
35050|t|1000
35074||1000
35089|t|1000
35090|t|1000
35106||1000
35150|t|1000
35165||1000
35189|t|1000
35190|t|1000
35250|t|1000
35289|t|1000
35290|t|1000
35350|t|1000
35389|t|1000
35390|t|1000
35450|t|1000
35489|t|1000
35490|t|1000
35550|t|1000
35557||1000
35589|t|1000
35590|t|1000
35650|t|1000
35689|t|1000
35690|t|1000
35701||1000
35750|t|1000
35789|t|1000
35790|t|1000
35850|t|1000
35875||1000
35889|t|1000
35890|t|1000
35913||1000
35929||1000
35950|t|1000
35967||1000
35989|t|1000
35990||1000
35990|t|1000
36010||1000
36013||1000
36048||1000
36050|t|1000
36068||1000
36089|t|1000
36090|t|1000
36137||1000
36150|t|1000
36189|t|1000
36190|t|1000
36250|t|1000
36253||1000
36275||1000
36289|t|1000
36290|t|1000
36320||1000
36350|t|1000
36389|t|1000
36390|t|1000
36450|t|1000
36489|t|1000
36490|t|1000
36511||1000
36525||1000
36550|t|1000
36589|t|1000
36590|t|1000
36650|t|1000
36689|t|1000
36690|t|1000
36693||1000
36750|t|1000
36789|t|1000
36790|t|1000
36834||1000
36836||1000
36837||1000
36850|t|1000
36864||1000
36889|t|1000
36890|t|1000
36900||1000
36915||1000
36950|t|1000
36970||1000
36989|t|1000
36990|t|1000
37050|t|1000
37089|t|1000
37090|t|1000
37150|t|1000
37189|t|1000
37190|t|1000
37216||1000
37250|t|1000
37258||1000
37289|t|1000
37290|t|1000
37328||1000
37350|t|1000
37389|t|1000
37390|t|1000
37450|t|1000
37489|t|1000
37490|t|1000
37516||1000
37519||1000
37550|t|1000
37589|t|1000
37590|t|1000
37650|t|1000
37689|t|1000
37690|t|1000
37750|t|1000
37776||1000
37789|t|1000
37790|t|1000
37803||1000
37824||1000
37849||1000
37850|t|1000
37889|t|1000
37890|t|1000
37950|t|1000
37989|t|1000
37990|t|1000
38050|t|1000
38089|t|1000
38090|t|1000
38114||1000
38150|t|1000
38159||1000
38189|t|1000
38190|t|1000
38217||1000
38248||1000
38250|t|1000
38289|t|1000
38290|t|1000
38350|t|1000
38384||1000
38389|t|1000
38390|t|1000
38450|t|1000
38489|t|1000
38490|t|1000
38522||1000
38524||1000
38550|t|1000
38589|t|1000
38590|t|1000
38641||1000
38650|t|1000
38651||1000
38689|t|1000
38690|t|1000
38743||1000
38750|t|1000
38764||1000
38789|t|1000
38790|t|1000
38817||1000
38850|t|1000
38889||1000
38889|t|1000
38890|t|1000
38927||1000
38950|t|1000
38976||1000
38989|t|1000
38990|t|1000
39018||1000
39050|t|1000
39068||1000
39089|t|1000
39090|t|1000
39150|t|1000
39189|t|1000
39190|t|1000
39207||1000
39250|t|1000
39251||1000
39289|t|1000
39290|t|1000
39350|t|1000
39389|t|1000
39390|t|1000
39431||1000
39450|t|1000
39489|t|1000
39490|t|1000
39550|t|1000
39568||1000
39589|t|1000
39590|t|1000
39650|t|1000
39689|t|1000
39690|t|1000
39750|t|1000
39789|t|1000
39790|t|1000
39799||1000
39813||1000
39850|t|1000
39889|t|1000
39890|t|1000
39910||1000
39950|t|1000
39989|t|1000
39990|t|1000
40050|t|1000
40089|t|1000
40090|t|1000
40150|t|1000
40189|t|1000
40190|t|1000
40250|t|1000
40268||1000
40284||1000
40289|t|1000
40290|t|1000
40350|t|1000
40369||1000
40389|t|1000
40390|t|1000
40396||1000
40450|t|1000
40482||1000
40489|t|1000
40490|t|1000
40550|t|1000
40581||1000
40589|t|1000
40590|t|1000
40650|t|1000
40653||1000
40689|t|1000
40690|t|1000
40750|t|1000
40789|t|1000
40790|t|1000
40820||1000
40850|t|1000
40889|t|1000
40890|t|1000
40894||1000
40911||1000
40914||1000
40916||1000
40933||1000
40950|t|1000
40989|t|1000
40990|t|1000
41028||1000
41039||1000
41050|t|1000
41089|t|1000
41090|t|1000
41096||1000
41131||1000
41150|t|1000
41185||1000
41189|t|1000
41190|t|1000
41250|t|1000
41260||1000
41267||1000
41289|t|1000
41290|t|1000
41296||1000
41350|t|1000
41389|t|1000
41390||1000
41390|t|1000
41450|t|1000
41489|t|1000
41490|t|1000
41550|t|1000
41589|t|1000
41590|t|1000
41619||1000
41632||1000
41640||1000
41650|t|1000
41689|t|1000
41690|t|1000
41700|c|1000
41701|c|1000
41702|c|1000
41703|c|1000
41704|c|1000
41705|c|1000
41706|c|1000
41707|c|1000
41708|c|1000
41709|c|1000
41710||200000
41711|c|1000
41712|c|1000
41713|c|1000
41714|c|1000
41715|c|1000
41716||1000
41716|c|1000
41717||1000
41717|c|1000
41718|c|1000
41719|c|1000
41720|c|1000
41721|c|1000
41722|c|1000
41723|c|1000
41724|c|1000
41725|c|1000
41726|c|1000
41727|c|1000
41728|c|1000
41729|c|1000
41730|c|1000
41731|c|1000
41732|c|1000
41733|c|1000
41734|c|1000
41735|c|1000
41736|c|1000
41737|c|1000
41738|c|1000
41739|c|1000
41740|c|1000
41741|c|1000
41742|c|1000
41743|c|1000
41744|c|1000
41745|c|1000
41746|c|1000
41747|c|1000
41748|c|1000
41749|c|1000
41750|c|1000
41750|t|1000
41751|c|1000
41752|c|1000
41753|c|1000
41754|c|1000
41755|c|1000
41756|c|1000
41757|c|1000
41758|c|1000
41759|c|1000
41760|c|1000
41761|c|1000
41762|c|1000
41763|c|1000
41764|c|1000
41765|c|1000
41766|c|1000
41767|c|1000
41768|c|1000
41769|c|1000
41770|c|1000
41771|c|1000
41772|c|1000
41773|c|1000
41774|c|1000
41775|c|1000
41776|c|1000
41777|c|1000
41778|c|1000
41779|c|1000
41780|c|1000
41781|c|1000
41782|c|1000
41783|c|1000
41784|c|1000
41785|c|1000
41786|c|1000
41787|c|1000
41788|c|1000
41789|c|1000
41789|t|1000
41790|c|1000
41790|t|1000
41791|c|1000
41792|c|1000
41793|c|1000
41794|c|1000
41795|c|1000
41796|c|1000
41797|c|1000
41798|c|1000
41799|c|1000
41814||1000
41829||1000
41850|t|1000
41857||1000
41889|t|1000
41890|t|1000
41908||1000
41920||1000
41950|t|1000
41989|t|1000
41990|t|1000
42023||1000
42050|t|1000
42089|t|1000
42090|t|1000
42137||1000
42143||1000
42150|t|1000
42189|t|1000
42190|t|1000
42250|t|1000
42261||1000
42289|t|1000
42290|t|1000
42350|t|1000
42374||1000
42377||1000
42389|t|1000
42390|t|1000
42419||1000
42430||1000
42450|t|1000
42465||1000
42471||1000
42489|t|1000
42490|t|1000
42503||1000
42550||1000
42550|t|1000
42589|t|1000
42590|t|1000
42650|t|1000
42689|t|1000
42690|t|1000
42750|t|1000
42780||1000
42789|t|1000
42790|t|1000
42802||1000
42850|t|1000
42851||1000
42884||1000
42889|t|1000
42890|t|1000
42907||1000
42920||1000
42950|t|1000
42989|t|1000
42990|t|1000
43028||1000
43036||1000
43050|t|1000
43055||1000
43089|t|1000
43090|t|1000
43095||1000
43150|t|1000
43185||1000
43189|t|1000
43190|t|1000
43250|t|1000
43289|t|1000
43290|t|1000
43344||1000
43350|t|1000
43389|t|1000
43390|t|1000
43405||1000
43423||1000
43450|t|1000
43489|t|1000
43490||1000
43490|t|1000
43550||1000
43550|t|1000
43589|t|1000
43590|t|1000
43650|t|1000
43689|t|1000
43690|t|1000
43750|t|1000
43789|t|1000
43790|t|1000
43797||1000
43836||1000
43850|t|1000
43889|t|1000
43890|t|1000
43950|t|1000
43989|t|1000
43990|t|1000
44050|t|1000
44089|t|1000
44090|t|1000
44106||1000
44136||1000
44138||1000
44150|t|1000
44165||1000
44189|t|1000
44190|t|1000
44250|t|1000
44289|t|1000
44290|t|1000
44328||1000
44350|t|1000
44373||1000
44389|t|1000
44390|t|1000
44412||1000
44441||1000
44450|t|1000
44453||1000
44489|t|1000
44490|t|1000
44536||1000
44541||1000
44550|t|1000
44554||1000
44589|t|1000
44590|t|1000
44634||1000
44640||1000
44650|t|1000
44663||1000
44689|t|1000
44690|t|1000
44695||1000
44726||1000
44732||1000
44750|t|1000
44788||1000
44789|t|1000
44790|t|1000
44850|t|1000
44889|t|1000
44890|t|1000
44904||1000
44916||1000
44930||1000
44938||1000
44948||1000
44950|t|1000
44977||1000
44989|t|1000
44990|t|1000
45009||1000
45050|t|1000
45063||1000
45089|t|1000
45090|t|1000
45150|t|1000
45170||1000
45189|t|1000
45190|t|1000
45250|t|1000
45289|t|1000
45290|t|1000
45350|t|1000
45380||1000
45389|t|1000
45390|t|1000
45425||1000
45450|t|1000
45466||1000
45480||1000
45489|t|1000
45490|t|1000
45529||1000
45550|t|1000
45589|t|1000
45590|t|1000
45600||1000
45632||1000
45650|t|1000
45661||1000
45689|t|1000
45690||1000
45690|t|1000
45750|t|1000
45789|t|1000
45790|t|1000
45850|t|1000
45889|t|1000
45890|t|1000
45937||1000
45950|t|1000
45967||1000
45976||1000
45989|t|1000
45990|t|1000
46042||1000
46047||1000
46050|t|1000
46089|t|1000
46090|t|1000
46098||1000
46139||1000
46150|t|1000
46182||1000
46187||1000
46189|t|1000
46190|t|1000
46209||1000
46247||1000
46250||1000
46250|t|1000
46266||1000
46289|t|1000
46290|t|1000
46293||1000
46309||1000
46343||1000
46350|t|1000
46389|t|1000
46390|t|1000
46450|t|1000
46476||1000
46489|t|1000
46490|t|1000
46540||1000
46550|t|1000
46589|t|1000
46590|t|1000
46606||1000
46646||1000
46650|t|1000
46689|t|1000
46690|t|1000
46722||1000
46750|t|1000
46788||1000
46789|t|1000
46790|t|1000
46827||1000
46839||1000
46850|t|1000
46889|t|1000
46890|t|1000
46950|t|1000
46989|t|1000
46990|t|1000
47033||1000
47050|t|1000
47089|t|1000
47090|t|1000
47122||1000
47150|t|1000
47155||1000
47161||1000
47185||1000
47189|t|1000
47190|t|1000
47195||1000
47202||1000
47250|t|1000
47263||1000
47279||1000
47289|t|1000
47290|t|1000
47350|t|1000
47382||1000
47389|t|1000
47390|t|1000
47438||1000
47450|t|1000
47489|t|1000
47490|t|1000
47500||1000
47507||1000
47508||1000
47550|t|1000
47589|t|1000
47590|t|1000
47650|t|1000
47689|t|1000
47690|t|1000
47718||1000
47728||1000
47750|t|1000
47769||1000
47789|t|1000
47790|t|1000
47815||1000
47829||1000
47841||1000
47850|t|1000
47885||1000
47889|t|1000
47890|t|1000
47928||1000
47950|t|1000
47989|t|1000
47990|t|1000
48050|t|1000
48055||1000
48089|t|1000
48090|t|1000
48095||1000
48150|t|1000
48166||1000
48189|t|1000
48190|t|1000
48217||1000
48250|t|1000
48289|t|1000
48290|t|1000
48296||1000
48350|t|1000
48371||1000
48380||1000
48389|t|1000
48390|t|1000
48450|t|1000
48489|t|1000
48490|t|1000
48501||1000
48549||1000
48550|t|1000
48578||1000
48589|t|1000
48590|t|1000
48611||1000
48640||1000
48650|t|1000
48668||1000
48684||1000
48689|t|1000
48690|t|1000
48700||1000
48750|t|1000
48770||1000
48789|t|1000
48790|t|1000
48819||1000
48850|t|1000
48873||1000
48889||1000
48889|t|1000
48890|t|1000
48893||1000
48950|t|1000
48953||1000
48965||1000
48989|t|1000
48990|t|1000
49050|t|1000
49089|t|1000
49090|t|1000
49127||1000
49150|t|1000
49178||1000
49189|t|1000
49190|t|1000
49250|t|1000
49263||1000
49271||1000
49289|t|1000
49290|t|1000
49312||1000
49350|t|1000
49389|t|1000
49390|t|1000
49391||1000
49424||1000
49450|t|1000
49489|t|1000
49490|t|1000
49550|t|1000
49589|t|1000
49590|t|1000
49650|t|1000
49689|t|1000
49690|t|1000
49700|c|1000
49701|c|1000
49702|c|1000
49703|c|1000
49704|c|1000
49705|c|1000
49706|c|1000
49707|c|1000
49708|c|1000
49709|c|1000
49710|c|1000
49711|c|1000
49712|c|1000
49713|c|1000
49714|c|1000
49715|c|1000
49716|c|1000
49717|c|1000
49718|c|1000
49719|c|1000
49720|c|1000
49721|c|1000
49722|c|1000
49723|c|1000
49724|c|1000
49725|c|1000
49726|c|1000
49727|c|1000
49728|c|1000
49729|c|1000
49730|c|1000
49731|c|1000
49732|c|1000
49733||1000
49733|c|1000
49734|c|1000
49735|c|1000
49736|c|1000
49737|c|1000
49738|c|1000
49739||1000
49739|c|1000
49740|c|1000
49741|c|1000
49742|c|1000
49743|c|1000
49744|c|1000
49745|c|1000
49746|c|1000
49747|c|1000
49748|c|1000
49749|c|1000
49750|c|1000
49750|t|1000
49751|c|1000
49752|c|1000
49753|c|1000
49754|c|1000
49755|c|1000
49756|c|1000
49757|c|1000
49758|c|1000
49759|c|1000
49760|c|1000
49761|c|1000
49762|c|1000
49763|c|1000
49764|c|1000
49765|c|1000
49766|c|1000
49767|c|1000
49768|c|1000
49769|c|1000
49770|c|1000
49771|c|1000
49772|c|1000
49773|c|1000
49774|c|1000
49775|c|1000
49776|c|1000
49777|c|1000
49778|c|1000
49779|c|1000
49780|c|1000
49781|c|1000
49782|c|1000
49783|c|1000
49784|c|1000
49785|c|1000
49786|c|1000
49787|c|1000
49788|c|1000
49789|c|1000
49789|t|1000
49790|c|1000
49790|t|1000
49791|c|1000
49792|c|1000
49793|c|1000
49794|c|1000
49795|c|1000
49796|c|1000
49797||200000
49798|c|1000
49799|c|1000
49850|t|1000
49886||1000
49889|t|1000
49890|t|1000
49933||1000
49950|t|1000
49975||1000
49982||1000
49989|t|1000
49990|t|1000
50012||1000
50050|t|1000
50089|t|1000
50090|t|1000
50117||1000
50136||1000
50150|t|1000
50178||1000
50189|t|1000
50190|t|1000
50218||1000
50250|t|1000
50289|t|1000
50290|t|1000
50348||1000
50350|t|1000
50389|t|1000
50390|t|1000
50442||1000
50445||1000
50450|t|1000
50489|t|1000
50490|t|1000
50502||1000
50530||1000
50544||1000
50550||1000
50550|t|1000
50589|t|1000
50590|t|1000
50618||1000
50630||1000
50637||1000
50650|t|1000
50665||1000
50689|t|1000
50690|t|1000
50750|t|1000
50767||1000
50789|t|1000
50790|t|1000
50833||1000
50850|t|1000
50869||1000
50870||1000
50886||1000
50889|t|1000
50890|t|1000
50891||1000
50918||1000
50950|t|1000
50989|t|1000
50990|t|1000
51050|t|1000
51051||1000
51078||1000
51089|t|1000
51090|t|1000
51122||1000
51150|t|1000
51162||1000
51189|t|1000
51190|t|1000
51194||1000
51197||1000
51215||1000
51239||1000
51244||1000
51250|t|1000
51280||1000
51289|t|1000
51290|t|1000
51315||1000
51350|t|1000
51389|t|1000
51390|t|1000
51395||1000
51450|t|1000
51460||1000
51469||1000
51477||1000
51489|t|1000
51490|t|1000
51549||1000
51550|t|1000
51568||1000
51571||1000
51586||1000
51589|t|1000
51590|t|1000
51617||1000
51629||1000
51650|t|1000
51667||1000
51689|t|1000
51690|t|1000
51750|t|1000
51789|t|1000
51790|t|1000
51815||1000
51850|t|1000
51879||1000
51887||1000
51889|t|1000
51890|t|1000
51944||1000
51950|t|1000
51989|t|1000
51990|t|1000
52013||1000
52050|t|1000
52055||1000
52089|t|1000
52090|t|1000
52110||1000
52130||1000
52150|t|1000
52174||1000
52189|t|1000
52190|t|1000
52206||1000
52213||1000
52226||1000
52250|t|1000
52289||1000
52289|t|1000
52290|t|1000
52340||1000
52350|t|1000
52389|t|1000
52390|t|1000
52399||1000
52450|t|1000
52489|t|1000
52490|t|1000
52546||1000
52547||1000
52550|t|1000
52562||1000
52589|t|1000
52590|t|1000
52646||1000
52650|t|1000
52660||1000
52689|t|1000
52690|t|1000
52750|t|1000
52759||1000
52789|t|1000
52790|t|1000
52850|t|1000
52889|t|1000
52890|t|1000
52950|t|1000
52976||1000
52989|t|1000
52990|t|1000
53029||1000
53050|t|1000
53089|t|1000
53090|t|1000
53136||1000
53150|t|1000
53189|t|1000
53190|t|1000
53250|t|1000
53273||1000
53287||1000
53289|t|1000
53290|t|1000
53345||1000
53350|t|1000
53387||1000
53389|t|1000
53390|t|1000
53450|t|1000
53489|t|1000
53490|t|1000
53506||1000
53516||1000
53520||1000
53550|t|1000
53553||1000
53589|t|1000
53590|t|1000
53632||1000
53639||1000
53650|t|1000
53689|t|1000
53690|t|1000
53706||1000
53744||1000
53750|t|1000
53789|t|1000
53790|t|1000
53850|t|1000
53889|t|1000
53890||1000
53890|t|1000
53950|t|1000
53952||1000
53972||1000
53989|t|1000
53990||1000
53990|t|1000
54038||1000
54050|t|1000
54052||1000
54072||1000
54089|t|1000
54090|t|1000
54133||1000
54150|t|1000
54189|t|1000
54190|t|1000
54250|t|1000
54282||1000
54289|t|1000
54290|t|1000
54303||1000
54348||1000
54350|t|1000
54354||1000
54389|t|1000
54390|t|1000
54419||1000
54445||1000
54450||1000
54450|t|1000
54489|t|1000
54490|t|1000
54501||1000
54515||1000
54527||60000
54550|t|1000
54560||1000
54589|t|1000
54590|t|1000
54591||1000
54616||1000
54650|t|1000
54680||1000
54689|t|1000
54690|t|1000
54720||1000
54750|t|1000
54789|t|1000
54790|t|1000
54850|t|1000
54860||1000
54889|t|1000
54890|t|1000
54904||1000
54913||1000
54950|t|1000
54988||1000
54989|t|1000
54990|t|1000
55050|t|1000
55063||1000
55067||1000
55089|t|1000
55090|t|1000
55150|t|1000
55162||1000
55189|t|1000
55190|t|1000
55250|t|1000
55270||1000
55285||1000
55289||1000
55289|t|1000
55290|t|1000
55328||1000
55342||1000
55350|t|1000
55356||1000
55365||1000
55389|t|1000
55390|t|1000
55431||1000
55450|t|1000
55489|t|1000
55490|t|1000
55509||1000
55530||1000
55550|t|1000
55582||1000
55589|t|1000
55590|t|1000
55649||1000
55650|t|1000
55662||1000
55689|t|1000
55690||1000
55690|t|1000
55698||1000
55703||1000
55750|t|1000
55789|t|1000
55790|t|1000
55850|t|1000
55889|t|1000
55890|t|1000
55950|t|1000
55989|t|1000
55990|t|1000
56050|t|1000
56072||1000
56089||1000
56089|t|1000
56090|t|1000
56145||1000
56149||1000
56150|t|1000
56189|t|1000
56190|t|1000
56250|t|1000
56289|t|1000
56290|t|1000
56303||1000
56336||1000
56350|t|1000
56355||1000
56367||1000
56389|t|1000
56390|t|1000
56450|t|1000
56489|t|1000
56490|t|1000
56515||1000
56550|t|1000
56569||1000
56589|t|1000
56590|t|1000
56644||1000
56650|t|1000
56661||1000
56686||1000
56689|t|1000
56690|t|1000
56726||1000
56729||1000
56750|t|1000
56789|t|1000
56790|t|1000
56850|t|1000
56889|t|1000
56890|t|1000
56912||1000
56928||1000
56936||1000
56938||1000
56940||1000
56950|t|1000
56977||1000
56989|t|1000
56990|t|1000
57050|t|1000
57089|t|1000
57090|t|1000
57106||1000
57114||1000
57150|t|1000
57189|t|1000
57190|t|1000
57250|t|1000
57255||1000
57289|t|1000
57290|t|1000
57291||1000
57350|t|1000
57351||1000
57389|t|1000
57390|t|1000
57408||1000
57428||1000
57439||1000
57444||1000
57450|t|1000
57471||1000
57486||1000
57489|t|1000
57490|t|1000
57500||1000
57505||1000
57550|t|1000
57589|t|1000
57590|t|1000
57632||1000
57650|t|1000
57680||1000
57689|t|1000
57690|t|1000
57725||1000
57741||1000
57750|t|1000
57769||1000
57789|t|1000
57790|t|1000
57801||1000
57820||1000
57829||1000
57850|t|1000
57889|t|1000
57890|t|1000
57901||1000
57950|t|1000
57989|t|1000
57990|t|1000
58049||1000
58050|t|1000
58089|t|1000
58090|t|1000
58114||1000
58116||1000
58150|t|1000
58189|t|1000
58190|t|1000
58250|t|1000
58289|t|1000
58290|t|1000
58302||1000
58327||1000
58350|t|1000
58389|t|1000
58390|t|1000
58450|t|1000
58455||1000
58489|t|1000
58490||1000
58490|t|1000
58550|t|1000
58558||1000
58589|t|1000
58590|t|1000
58636||1000
58650|t|1000
58673||1000
58689|t|1000
58690|t|1000
58750|t|1000
58789|t|1000
58790|t|1000
58794||1000
58819||1000
58850|t|1000
58878||1000
58889|t|1000
58890|t|1000
58950|t|1000
58989|t|1000
58990|t|1000
59003||1000
59007||1000
59050|t|1000
59089|t|1000
59090|t|1000
59102||1000
59141||1000
59150|t|1000
59189|t|1000
59190|t|1000
59198||1000
59250|t|1000
59254||1000
59289|t|1000
59290|t|1000
59330||1000
59350|t|1000
59389|t|1000
59390|t|1000
59417||1000
59450|t|1000
59489|t|1000
59490|t|1000
59550|t|1000
59589|t|1000
59590|t|1000
59650|t|1000
59689|t|1000
59690|t|1000
59750|t|1000
59789|t|1000
59790|t|1000
59797||1000
59850|t|1000
59872||1000
59889|t|1000
59890|t|1000
59928||1000
59950|t|1000
59961||1000
59974||1000
59989|t|1000
59990|t|1000
60038||1000
60050|t|1000
60066||1000
60089|t|1000
60090|t|1000
60109||1000
60131||1000
60150|t|1000
60166||1000
60189|t|1000
60190|t|1000
60239||1000
60250|t|1000
60289|t|1000
60290|t|1000
60297||1000
60350|t|1000
60389|t|1000
60390|t|1000
60411||1000
60416||1000
60450|t|1000
60489|t|1000
60490|t|1000
60522||1000
60550|t|1000
60565||1000
60581||1000
60584||1000
60585||1000
60589|t|1000
60590|t|1000
60593||1000
60597||1000
60609||1000
60650|t|1000
60689|t|1000
60690|t|1000
60702||1000
60726||1000
60741||1000
60750|t|1000
60789|t|1000
60790|t|1000
60850|t|1000
60889|t|1000
60890|t|1000
60917||1000
60940||1000
60950|t|1000
60958||1000
60962||1000
60989|t|1000
60990|t|1000
61050|t|1000
61089|t|1000
61090|t|1000
61146||1000
61150|t|1000
61182||1000
61189|t|1000
61190|t|1000
61194||1000
61250|t|1000
61289|t|1000
61290|t|1000
61305||1000
61311||1000
61350|t|1000
61380||1000
61389|t|1000
61390|t|1000
61411||1000
61450|t|1000
61479||1000
61481||1000
61483||1000
61489|t|1000
61490|t|1000
61506||1000
61550|t|1000
61579||1000
61589|t|1000
61590|t|1000
61650|t|1000
61689|t|1000
61690|t|1000
61715||1000
61750|t|1000
61774||1000
61789|t|1000
61790|t|1000
61804||1000
61813||1000
61850|t|1000
61869||1000
61889|t|1000
61890|t|1000
61914||1000
61950|t|1000
61989|t|1000
61990|t|1000
62002||1000
62012||1000
62050|t|1000
62063||1000
62089|t|1000
62090|t|1000
62136||1000
62137||1000
62150|t|1000
62160||1000
62189|t|1000
62190|t|1000
62196||1000
62250|t|1000
62288||1000
62289|t|1000
62290|t|1000
62350|t|1000
62389|t|1000
62390|t|1000
62398||1000
62417||1000
62450|t|1000
62482||1000
62489|t|1000
62490|t|1000
62550|t|1000
62581||1000
62589|t|1000
62590|t|1000
62631||1000
62650|t|1000
62677||1000
62689|t|1000
62690|t|1000
62745||1000
62750|t|1000
62789|t|1000
62790|t|1000
62830||1000
62850|t|1000
62889|t|1000
62890|t|1000
62950|t|1000
62989|t|1000
62990|t|1000
63050|t|1000
63089|t|1000
63090|t|1000
63091||1000
63099||1000
63150|t|1000
63161||1000
63188||1000
63189|t|1000
63190|t|1000
63250|t|1000
63289|t|1000
63290|t|1000
63346||1000
63350|t|1000
63389|t|1000
63390|t|1000
63405||1000
63406||1000
63417||1000
63450|t|1000
63489|t|1000
63490|t|1000
63550|t|1000
63589|t|1000
63590|t|1000
63650|t|1000
63674||1000
63689|t|1000
63690|t|1000
63750|t|1000
63789|t|1000
63790|t|1000
63792||1000
63848||1000
63850|t|1000
63889|t|1000
63890|t|1000
63950|t|1000
63983||1000
63989|t|1000
63990|t|1000
63995||1000
64004||1000
64050|t|1000
64089|t|1000
64090|t|1000
64096||1000
64150|t|1000
64189|t|1000
64190|t|1000
64204||1000
64250|t|1000
64254||1000
64275||1000
64289|t|1000
64290|t|1000
64350|t|1000
64389|t|1000
64390|t|1000
64427||1000
64440||1000
64450|t|1000
64489|t|1000
64490|t|1000
64527||1000
64550|t|1000
64589|t|1000
64590|t|1000
64626||1000
64650|t|1000
64662||1000
64666||1000
64689|t|1000
64690|t|1000
64713||1000
64750|t|1000
64765||1000
64789|t|1000
64790|t|1000
64850|t|1000
64853||1000
64863||1000
64889|t|1000
64890|t|1000
64918||1000
64950|t|1000
64989|t|1000
64990|t|1000
65050|t|1000
65068||1000
65072||1000
65089|t|1000
65090|t|1000
65122||1000
65150|t|1000
65189|t|1000
65190|t|1000
65219||1000
65244||1000
65250|t|1000
65289||1000
65289|t|1000
65290|t|1000
65350|t|1000
65389|t|1000
65390|t|1000
65448||1000
65450|t|1000
65474||1000
65489|t|1000
65490|t|1000
65495||1000
65522||1000
65550|t|1000
65552||1000
65580||1000
65589|t|1000
65590|t|1000
65620||1000
65650|t|1000
65658||1000
65666||1000
65689|t|1000
65690|t|1000
65716||1000
65750|t|1000
65789|t|1000
65790|t|1000
65802||1000
65850|t|1000
65877||1000
65889|t|1000
65890|t|1000
65904||1000
65950|t|1000
65977||1000
65989|t|1000
65990|t|1000
66030||1000
66040||1000
66041||1000
66050|t|1000
66089|t|1000
66090|t|1000
66091||1000
66150|t|1000
66189|t|1000
66190|t|1000
66204||1000
66212||60000
66250|t|1000
66257||1000
66267||1000
66283||1000
66289|t|1000
66290|t|1000
66317||1000
66350|t|1000
66389|t|1000
66390|t|1000
66450|t|1000
66479||1000
66489|t|1000
66490|t|1000
66531||1000
66550|t|1000
66589|t|1000
66590|t|1000
66650|t|1000
66659||1000
66673||1000
66685||1000
66689|t|1000
66690|t|1000
66733||1000
66750|t|1000
66789|t|1000
66790|t|1000
66828||1000
66850|t|1000
66858||1000
66877||1000
66889|t|1000
66890|t|1000
66944||1000
66950|t|1000
66955||1000
66957||1000
66989|t|1000
66990|t|1000
67003||1000
67050|t|1000
67076||1000
67089|t|1000
67090|t|1000
67106||1000
67129||1000
67150|t|1000
67184||1000
67189|t|1000
67190|t|1000
67219||1000
67227||1000
67250|t|1000
67253||1000
67258||1000
67289|t|1000
67290|t|1000
67350|t|1000
67356||1000
67389|t|1000
67390|t|1000
67404||1000
67409||1000
67450|t|1000
67480||1000
67489|t|1000
67490|t|1000
67534||1000
67550|t|1000
67589|t|1000
67590|t|1000
67604||1000
67650|t|1000
67667||1000
67689|t|1000
67690|t|1000
67750|t|1000
67789|t|1000
67790|t|1000
67812||1000
67813||1000
67850|t|1000
67879||1000
67889|t|1000
67890|t|1000
67907||1000
67936||1000
67948||1000
67950|t|1000
67989|t|1000
67990|t|1000
68021||1000
68050|t|1000
68083||1000
68089|t|1000
68090|t|1000
68150|t|1000
68189|t|1000
68190|t|1000
68203||1000
68250|t|1000
68264||1000
68267||1000
68283||1000
68289|t|1000
68290|t|1000
68291||1000
68350|t|1000
68389|t|1000
68390|t|1000
68407||1000
68425||1000
68450|t|1000
68489|t|1000
68490|t|1000
68505||1000
68550||1000
68550|t|1000
68589|t|1000
68590|t|1000
68638||1000
68650|t|1000
68689|t|1000
68690|t|1000
68703||1000
68750|t|1000
68789|t|1000
68790|t|1000
68813||1000
68816||1000
68840||1000
68850|t|1000
68889|t|1000
68890|t|1000
68926||1000
68950|t|1000
68957||1000
68989|t|1000
68990|t|1000
69020||1000
69050|t|1000
69086||1000
69089|t|1000
69090|t|1000
69121||1000
69150|t|1000
69177||1000
69189|t|1000
69190|t|1000
69197||1000
69234||1000
69250|t|1000
69264||1000
69272||1000
69280||1000
69289|t|1000
69290|t|1000
69334||1000
69350|t|1000
69356||1000
69364||1000
69389|t|1000
69390|t|1000
69393||1000
69422||1000
69450|t|1000
69489|t|1000
69490|t|1000
69498||1000
69539||1000
69550|t|1000
69589|t|1000
69590|t|1000
69650|t|1000
69689||1000
69689|t|1000
69690|t|1000
69728||1000
69750|t|1000
69776||1000
69789|t|1000
69790|t|1000
69823||60000
69850|t|1000
69877||1000
69889|t|1000
69890||1000
69890|t|1000
69950|t|1000
69989|t|1000
69990|t|1000
70029||1000
70039||1000
70050|t|1000
70089|t|1000
70090|t|1000
70150|t|1000
70189||1000
70189|t|1000
70190|t|1000
70250|t|1000
70263||1000
70274||1000
70289|t|1000
70290|t|1000
70350|t|1000
70389|t|1000
70390|t|1000
70413||1000
70450|t|1000
70489|t|1000
70490|t|1000
70517||1000
70550|t|1000
70589|t|1000
70590|t|1000
70612||1000
70633||1000
70650|t|1000
70663||1000
70689|t|1000
70690|t|1000
70697||1000
70750|t|1000
70789|t|1000
70790|t|1000
70842||1000
70850|t|1000
70877||1000
70889|t|1000
70890|t|1000
70905||1000
70906||1000
70950|t|1000
70989|t|1000
70990|t|1000
71050|t|1000
71052||1000
71089|t|1000
71090|t|1000
71150|t|1000
71152||1000
71189|t|1000
71190|t|1000
71248||1000
71250|t|1000
71289|t|1000
71290|t|1000
71347||1000
71350|t|1000
71368||1000
71389|t|1000
71390|t|1000
71450|t|1000
71452||1000
71489|t|1000
71490|t|1000
71550|t|1000
71589|t|1000
71590|t|1000
71600||1000
71607||1000
71650|t|1000
71686||1000
71687||1000
71689|t|1000
71690|t|1000
71750|t|1000
71784||1000
71789|t|1000
71790|t|1000
71819||1000
71850|t|1000
71889|t|1000
71890|t|1000
71910||1000
71918||1000
71929||1000
71939||1000
71950|t|1000
71972||1000
71973||1000
71989|t|1000
71990|t|1000
71994||1000
72023||1000
72050|t|1000
72053||1000
72089|t|1000
72090|t|1000
72140||1000
72150|t|1000
72169||1000
72189|t|1000
72190|t|1000
72250|t|1000
72263||1000
72284||1000
72289|t|1000
72290|t|1000
72308||1000
72309||1000
72333||1000
72334||1000
72350|t|1000
72372||1000
72389|t|1000
72390|t|1000
72420||1000
72441||1000
72450|t|1000
72489|t|1000
72490|t|1000
72550|t|1000
72589|t|1000
72590|t|1000
72650|t|1000
72689|t|1000
72690|t|1000
72715||1000
72745||1000
72750|t|1000
72789|t|1000
72790|t|1000
72850|t|1000
72860||1000
72868||1000
72889|t|1000
72890|t|1000
72894||1000
72908||1000
72950|t|1000
72989|t|1000
72990|t|1000
73013||1000
73050|t|1000
73069||1000
73089|t|1000
73090|t|1000
73096||1000
73136||1000
73150|t|1000
73159||1000
73186||1000
73189|t|1000
73190|t|1000
73202||1000
73219||1000
73250|t|1000
73266||1000
73273||1000
73289|t|1000
73290|t|1000
73322||1000
73350|t|1000
73389|t|1000
73390|t|1000
73450|t|1000
73479||1000
73489|t|1000
73490|t|1000
73531||1000
73550|t|1000
73589|t|1000
73590|t|1000
73644||1000
73650|t|1000
73689|t|1000
73690|t|1000
73694||1000
73745||1000
73750|t|1000
73789|t|1000
73790|t|1000
73795||1000
73796||1000
73806||1000
73850|t|1000
73889|t|1000
73890|t|1000
73919||1000
73931||1000
73947||1000
73950|t|1000
73983||1000
73989|t|1000
73990|t|1000
74019||1000
74044||1000
74050|t|1000
74089|t|1000
74090|t|1000
74150|t|1000
74153||1000
74164||1000
74189|t|1000
74190|t|1000
74199||1000
74250|t|1000
74289|t|1000
74290|t|1000
74330||1000
74350|t|1000
74389|t|1000
74390|t|1000
74397||1000
74412||1000
74450|t|1000
74489|t|1000
74490|t|1000
74544||1000
74550|t|1000
74557||1000
74589|t|1000
74590|t|1000
74609||1000
74650|t|1000
74689|t|1000
74690|t|1000
74732||1000
74734||1000
74750|t|1000
74770||60000
74789|t|1000
74790|t|1000
74844||1000
74850|t|1000
74889|t|1000
74890|t|1000
74934||1000
74947||1000
74949||1000
74950|t|1000
74951||1000
74984||1000
74989|t|1000
74990|t|1000
75027||1000
75029||1000
75050|t|1000
75065||1000
75085||1000
75089|t|1000
75090|t|1000
75139||1000
75146||1000
75150|t|1000
75189|t|1000
75190|t|1000
75206||60000
75219||1000
75250|t|1000
75289|t|1000
75290|t|1000
75316||1000
75350|t|1000
75365||1000
75389|t|1000
75390|t|1000
75450|t|1000
75489|t|1000
75490|t|1000
75509||1000
75521||1000
75550|t|1000
75586||1000
75589|t|1000
75590|t|1000
75611||1000
75650|t|1000
75689|t|1000
75690|t|1000
75692||1000
75708||1000
75750|t|1000
75756||1000
75757||1000
75765||1000
75771||1000
75789|t|1000
75790|t|1000
75817||1000
75850|t|1000
75876||1000
75889|t|1000
75890|t|1000
75918||1000
75942||1000
75950|t|1000
75989|t|1000
75990|t|1000
76043||1000
76050|t|1000
76089|t|1000
76090|t|1000
76150|t|1000
76189|t|1000
76190|t|1000
76249||1000
76250|t|1000
76251||1000
76289|t|1000
76290|t|1000
76304||1000
76342||1000
76350|t|1000
76381||1000
76384||1000
76389|t|1000
76390|t|1000
76439||1000
76450|t|1000
76484||1000
76489|t|1000
76490|t|1000
76507||1000
76550|t|1000
76586||1000
76589|t|1000
76590|t|1000
76650|t|1000
76689|t|1000
76690|t|1000
76750|t|1000
76755||1000
76786||1000
76789|t|1000
76790|t|1000
76810||1000
76850|t|1000
76880||1000
76889|t|1000
76890|t|1000
76900||1000
76919||1000
76922||1000
76930||1000
76950|t|1000
76987||1000
76989|t|1000
76990|t|1000
76998||1000
77010||1000
77050|t|1000
77062||1000
77089||1000
77089|t|1000
77090|t|1000
77119||1000
77150|t|1000
77189|t|1000
77190|t|1000
77204||1000
77233||1000
77250|t|1000
77289|t|1000
77290|t|1000
77350|t|1000
77389|t|1000
77390|t|1000
77399||1000
77450|t|1000
77489|t|1000
77490|t|1000
77550|t|1000
77589|t|1000
77590|t|1000
77650|t|1000
77671||1000
77689|t|1000
77690|t|1000
77702||1000
77750|t|1000
77759||1000
77789|t|1000
77790|t|1000
77850|t|1000
77889|t|1000
77890|t|1000
77902||1000
77950|t|1000
77965||1000
77989|t|1000
77990|t|1000
78011||1000
78050|t|1000
78062||1000
78080||1000
78089||1000
78089|t|1000
78090|t|1000
78150|t|1000
78182||1000
78189|t|1000
78190|t|1000
78211||1000
78214||1000
78215||1000
78225||1000
78250|t|1000
78265||1000
78277||1000
78278||1000
78288||1000
78289|t|1000
78290|t|1000
78316||1000
78335||1000
78350|t|1000
78389|t|1000
78390|t|1000
78415||1000
78436||1000
78447||1000
78449||1000
78450|t|1000
78489|t|1000
78490|t|1000
78525||1000
78531||1000
78538||1000
78550|t|1000
78580||1000
78589|t|1000
78590|t|1000
78623||1000
78650|t|1000
78689|t|1000
78690|t|1000
78693||1000
78711||1000
78737||1000
78748||1000
78750|t|1000
78769||1000
78789|t|1000
78790|t|1000
78850|t|1000
78889|t|1000
78890|t|1000
78903||1000
78926||1000
78950|t|1000
78989|t|1000
78990|t|1000
79050|t|1000
79064||1000
79089|t|1000
79090|t|1000
79100||1000
79127||1000
79133||1000
79150|t|1000
79166||1000
79189|t|1000
79190|t|1000
79192||1000
79234||1000
79250|t|1000
79265||1000
79289|t|1000
79290|t|1000
79350|t|1000
79389|t|1000
79390|t|1000
79400||1000
79434||1000
79438||1000
79450|t|1000
79481||1000
79489|t|1000
79490|t|1000
79493||1000
79550|t|1000
79554||1000
79589|t|1000
79590|t|1000
79612||1000
79623||1000
79650|t|1000
79689|t|1000
79690|t|1000
79725||1000
79750|t|1000
79789|t|1000
79790|t|1000
79850|t|1000
79860||1000
79877||1000
79889|t|1000
79890|t|1000
79936||1000
79950|t|1000
79989|t|1000
79990|t|1000
79993||1000
80050|t|1000
80086||1000
80089|t|1000
80090|t|1000
80091||1000
80150|t|1000
80182||1000
80189|t|1000
80190|t|1000
80243||1000
80250|t|1000
80289|t|1000
80290|t|1000
80324||1000
80334||1000
80350|t|1000
80372||1000
80389|t|1000
80390|t|1000
80434||1000
80444||1000
80445||1000
80450|t|1000
80489|t|1000
80490|t|1000
80550|t|1000
80589|t|1000
80590|t|1000
80615||1000
80638||1000
80650|t|1000
80689|t|1000
80690|t|1000
80692||1000
80750|t|1000
80754||1000
80756||1000
80789|t|1000
80790|t|1000
80808||1000
80846||1000
80850|t|1000
80889|t|1000
80890|t|1000
80942||1000
80950|t|1000
80989|t|1000
80990|t|1000
81050|t|1000
81089|t|1000
81090|t|1000
81150|t|1000
81189|t|1000
81190|t|1000
81244||1000
81250|t|1000
81286||1000
81289|t|1000
81290|t|1000
81329||1000
81338||1000
81350|t|1000
81359||1000
81361||1000
81389|t|1000
81390|t|1000
81427||1000
81433||1000
81446||1000
81450|t|1000
81489|t|1000
81490|t|1000
81502||1000
81550|t|1000
81589|t|1000
81590|t|1000
81610||60000
81650|t|1000
81689|t|1000
81690|t|1000
81750||1000
81750|t|1000
81789|t|1000
81790|t|1000
81850|t|1000
81879||1000
81889|t|1000
81890|t|1000
81929||1000
81950|t|1000
81989|t|1000
81990|t|1000
81992||1000
82011||1000
82045||1000
82050|t|1000
82052||1000
82089|t|1000
82090|t|1000
82150|t|1000
82189|t|1000
82190|t|1000
82250|t|1000
82289|t|1000
82290|t|1000
82350|t|1000
82389|t|1000
82390|t|1000
82423||1000
82425||1000
82450|t|1000
82460||1000
82479||1000
82489|t|1000
82490|t|1000
82522||1000
82550|t|1000
82570||1000
82589|t|1000
82590|t|1000
82632||1000
82650|t|1000
82686||1000
82689|t|1000
82690|t|1000
82730||1000
82750|t|1000
82766||1000
82777||1000
82789|t|1000
82790|t|1000
82830||1000
82838||1000
82848||1000
82850|t|1000
82867||1000
82889|t|1000
82890|t|1000
82910||1000
82950|t|1000
82989|t|1000
82990|t|1000
83000||1000
83050|t|1000
83089|t|1000
83090|t|1000
83110||1000
83150|t|1000
83189|t|1000
83190|t|1000
83240||1000
83250|t|1000
83272||1000
83283||1000
83289|t|1000
83290|t|1000
83311||1000
83331||1000
83350|t|1000
83356||1000
83389|t|1000
83390|t|1000
83420||1000
83450|t|1000
83489|t|1000
83490|t|1000
83491||1000
83550|t|1000
83572||1000
83586||1000
83589|t|1000
83590|t|1000
83615||1000
83619||1000
83650|t|1000
83675||1000
83689|t|1000
83690|t|1000
83732||1000
83750|t|1000
83776||1000
83789|t|1000
83790|t|1000
83850|t|1000
83856||1000
83889|t|1000
83890|t|1000
83950|t|1000
83989|t|1000
83990|t|1000
84050|t|1000
84062||1000
84089|t|1000
84090|t|1000
84101||1000
84121||1000
84150|t|1000
84189|t|1000
84190|t|1000
84250|t|1000
84289|t|1000
84290|t|1000
84317||1000
84321||1000
84322||1000
84350||1000
84350|t|1000
84389|t|1000
84390|t|1000
84416||1000
84450|t|1000
84459||1000
84489|t|1000
84490|t|1000
84513||1000
84550|t|1000
84589|t|1000
84590|t|1000
84614||1000
84650|t|1000
84689|t|1000
84690|t|1000
84712||1000
84726||1000
84750|t|1000
84789|t|1000
84790|t|1000
84820||1000
84850|t|1000
84860||1000
84889|t|1000
84890|t|1000
84916||1000
84950|t|1000
84981||1000
84989|t|1000
84990|t|1000
84997||1000
85050|t|1000
85052||1000
85089|t|1000
85090|t|1000
85150|t|1000
85162||1000
85176||1000
85189|t|1000
85190|t|1000
85199||1000
85250|t|1000
85289|t|1000
85290|t|1000
85350|t|1000
85361||1000
85386||1000
85389|t|1000
85390|t|1000
85450|t|1000
85489|t|1000
85490|t|1000
85550|t|1000
85589|t|1000
85590|t|1000
85635||1000
85650|t|1000
85664||1000
85689|t|1000
85690|t|1000
85697||1000
85716||1000
85750|t|1000
85789|t|1000
85790|t|1000
85806||1000
85850|t|1000
85889|t|1000
85890|t|1000
85917||1000
85949||1000
85950|t|1000
85989|t|1000
85990|t|1000
85993||1000
86005||1000
86050|t|1000
86089|t|1000
86090|t|1000
86106||1000
86112||1000
86150|t|1000
86185||1000
86189|t|1000
86190|t|1000
86203||1000
86249||1000
86250|t|1000
86289|t|1000
86290|t|1000
86344||1000
86350|t|1000
86377||1000
86389|t|1000
86390|t|1000
86438||1000
86450|t|1000
86489|t|1000
86490|t|1000
86550|t|1000
86589|t|1000
86590|t|1000
86630||1000
86636||1000
86647||1000
86650|t|1000
86669||1000
86689|t|1000
86690|t|1000
86701||1000
86745||1000
86750|t|1000
86789|t|1000
86790|t|1000
86810||1000
86850|t|1000
86889|t|1000
86890|t|1000
86950|t|1000
86954||1000
86989|t|1000
86990|t|1000
87050|t|1000
87089|t|1000
87090|t|1000
87136||1000
87150|t|1000
87189|t|1000
87190|t|1000
87250|t|1000
87289|t|1000
87290|t|1000
87309||1000
87322||1000
87350|t|1000
87388||1000
87389|t|1000
87390|t|1000
87450|t|1000
87489|t|1000
87490|t|1000
87500||1000
87512||1000
87550|t|1000
87574||1000
87589|t|1000
87590|t|1000
87632||1000
87650|t|1000
87675||1000
87688||1000
87689|t|1000
87690|t|1000
87714||1000
87721||1000
87722||1000
87750|t|1000
87789|t|1000
87790|t|1000
87814||1000
87832||1000
87850|t|1000
87889|t|1000
87890|t|1000
87933||1000
87936||1000
87950|t|1000
87987||1000
87989|t|1000
87990|t|1000
88050|t|1000
88089|t|1000
88090|t|1000
88150|t|1000
88153||1000
88189|t|1000
88190|t|1000
88225||1000
88237||1000
88250|t|1000
88269||1000
88289|t|1000
88290|t|1000
88291||1000
88321||1000
88327||1000
88350|t|1000
88359||1000
88374||1000
88389|t|1000
88390|t|1000
88425||1000
88450|t|1000
88489|t|1000
88490|t|1000
88550|t|1000
88579||1000
88589|t|1000
88590|t|1000
88650|t|1000
88689|t|1000
88690|t|1000
88750|t|1000
88760||1000
88789|t|1000
88790|t|1000
88850|t|1000
88889|t|1000
88890|t|1000
88950|t|1000
88989|t|1000
88990|t|1000
88996||1000
89018||1000
89020||1000
89050|t|1000
89085||1000
89089|t|1000
89090|t|1000
89150|t|1000
89189|t|1000
89190|t|1000
89221||1000
89250|t|1000
89289|t|1000
89290|t|1000
89350|t|1000
89387||1000
89389|t|1000
89390|t|1000
89391||1000
89408||1000
89450|t|1000
89462||1000
89489|t|1000
89490|t|1000
89550|t|1000
89589|t|1000
89590|t|1000
89612||1000
89614||1000
89650|t|1000
89689|t|1000
89690|t|1000
89750|t|1000
89789|t|1000
89790|t|1000
89803||1000
89839||1000
89846||1000
89850|t|1000
89889|t|1000
89890|t|1000
89950|t|1000
89964||1000
89989|t|1000
89990|t|1000
90050|t|1000
90076||1000
90089|t|1000
90090|t|1000
90141||1000
90145||1000
90150|t|1000
90181||1000
90189|t|1000
90190|t|1000
90250|t|1000
90289|t|1000
90290|t|1000
90338||1000
90350|t|1000
90389|t|1000
90390|t|1000
90450|t|1000
90461||1000
90489|t|1000
90490|t|1000
90550|t|1000
90589|t|1000
90590|t|1000
90650|t|1000
90689|t|1000
90690|t|1000
90708||1000
90725||1000
90742||1000
90750|t|1000
90789|t|1000
90790|t|1000
90824||1000
90833||1000
90850|t|1000
90889|t|1000
90890|t|1000
90907||1000
90918||1000
90931||1000
90950|t|1000
90956||1000
90977||1000
90989|t|1000
90990|t|1000
91044||1000
91050|t|1000
91070||1000
91089|t|1000
91090|t|1000
91105||1000
91150|t|1000
91154||1000
91189|t|1000
91190|t|1000
91205||1000
91207||1000
91241||1000
91250|t|1000
91257||1000
91289|t|1000
91290|t|1000
91327||1000
91343||1000
91350|t|1000
91362||1000
91375||1000
91389|t|1000
91390|t|1000
91450|t|1000
91467||1000
91477||1000
91489|t|1000
91490|t|1000
91497||1000
91550|t|1000
91565||1000
91589|t|1000
91590|t|1000
91595||1000
91650|t|1000
91684||1000
91689|t|1000
91690|t|1000
91732||1000
91750|t|1000
91789|t|1000
91790|t|1000
91827||1000
91850|t|1000
91879||1000
91889|t|1000
91890|t|1000
91934||1000
91950|t|1000
91989|t|1000
91990|t|1000
92050|t|1000
92086||1000
92089|t|1000
92090|t|1000
92150|t|1000
92189|t|1000
92190|t|1000
92217||1000
92243||1000
92250|t|1000
92289|t|1000
92290|t|1000
92319||1000
92341||1000
92350|t|1000
92389|t|1000
92390|t|1000
92450|t|1000
92457||1000
92481||1000
92489|t|1000
92490|t|1000
92550|t|1000
92589|t|1000
92590|t|1000
92618||1000
92627||1000
92650|t|1000
92689|t|1000
92690|t|1000
92739||1000
92750|t|1000
92789|t|1000
92790|t|1000
92827||1000
92850|t|1000
92888||1000
92889|t|1000
92890|t|1000
92950|t|1000
92989|t|1000
92990|t|1000
93002||1000
93016||1000
93050|t|1000
93089|t|1000
93090|t|1000
93113||1000
93123||1000
93150|t|1000
93189|t|1000
93190|t|1000
93220||1000
93240||1000
93250|t|1000
93289|t|1000
93290|t|1000
93320||1000
93328||1000
93338||1000
93350|t|1000
93389|t|1000
93390|t|1000
93439||1000
93446||1000
93450|t|1000
93470||1000
93489|t|1000
93490|t|1000
93550|t|1000
93562||1000
93589|t|1000
93590|t|1000
93650|t|1000
93659||1000
93677||1000
93689|t|1000
93690|t|1000
93704||1000
93750|t|1000
93781||1000
93789|t|1000
93790|t|1000
93850|t|1000
93878||1000
93889|t|1000
93890|t|1000
93950||1000
93950|t|1000
93989|t|1000
93990|t|1000
94038||1000
94050|t|1000
94089|t|1000
94090|t|1000
94135||1000
94148||1000
94150|t|1000
94173||1000
94189|t|1000
94190|t|1000
94193||1000
94213||1000
94230||1000
94250|t|1000
94286||1000
94289|t|1000
94290|t|1000
94298||1000
94320||1000
94350|t|1000
94389|t|1000
94390|t|1000
94450|t|1000
94474||1000
94489|t|1000
94490|t|1000
94494||1000
94529||1000
94550|t|1000
94575||1000
94586||1000
94589|t|1000
94590|t|1000
94631||1000
94642||1000
94650|t|1000
94654||1000
94689|t|1000
94690|t|1000
94700||1000
94750|t|1000
94753||1000
94789|t|1000
94790|t|1000
94823||1000
94836||1000
94847||1000
94850|t|1000
94865||1000
94889|t|1000
94890|t|1000
94950|t|1000
94965||1000
94989|t|1000
94990|t|1000
95050|t|1000
95052||1000
95089|t|1000
95090|t|1000
95104||1000
95128||1000
95150|t|1000
95155||1000
95189|t|1000
95190|t|1000
95248||1000
95250|t|1000
95274||1000
95289|t|1000
95290|t|1000
95341||1000
95350|t|1000
95389|t|1000
95390|t|1000
95450|t|1000
95468||1000
95489|t|1000
95490|t|1000
95550|t|1000
95589|t|1000
95590|t|1000
95603||1000
95632||1000
95650|t|1000
95689|t|1000
95690|t|1000
95700||1000
95714||1000
95750|t|1000
95789|t|1000
95790|t|1000
95850|t|1000
95865||1000
95889||1000
95889|t|1000
95890|t|1000
95904||1000
95950|t|1000
95957||1000
95989|t|1000
95990|t|1000
96050|t|1000
96089|t|1000
96090|t|1000
96150|t|1000
96189|t|1000
96190|t|1000
96250|t|1000
96285||1000
96289|t|1000
96290|t|1000
96322||1000
96350|t|1000
96389|t|1000
96390|t|1000
96391||1000
96414||1000
96450|t|1000
96489|t|1000
96490|t|1000
96492||1000
96526||1000
96550|t|1000
96579||1000
96589|t|1000
96590|t|1000
96650|t|1000
96689|t|1000
96690|t|1000
96750|t|1000
96789|t|1000
96790|t|1000
96794||1000
96820||1000
96850|t|1000
96889|t|1000
96890|t|1000
96922||1000
96935||1000
96950|t|1000
96963||1000
96967||1000
96989|t|1000
96990|t|1000
96999||1000
97050|t|1000
97054||1000
97089|t|1000
97090|t|1000
97118||1000
97150|t|1000
97173||1000
97177||1000
97189|t|1000
97190|t|1000
97218||1000
97247||1000
97250|t|1000
97275||1000
97289|t|1000
97290|t|1000
97350|t|1000
97389|t|1000
97390|t|1000
97450|t|1000
97476||1000
97489|t|1000
97490|t|1000
97550|t|1000
97589|t|1000
97590||1000
97590|t|1000
97650|t|1000
97654||1000
97689|t|1000
97690|t|1000
97750|t|1000
97759||1000
97776||1000
97789|t|1000
97790|t|1000
97850|t|1000
97856||1000
97889|t|1000
97890|t|1000
97905||1000
97908||1000
97950|t|1000
97987||1000
97989|t|1000
97990|t|1000
98007||1000
98045||1000
98050|t|1000
98055||1000
98062||1000
98069||1000
98089|t|1000
98090|t|1000
98092||1000
98150|t|1000
98151||1000
98162||1000
98189|t|1000
98190|t|1000
98237||1000
98250|t|1000
98259||1000
98289|t|1000
98290|t|1000
98295||1000
98304||1000
98350|t|1000
98389|t|1000
98390|t|1000
98396||1000
98401||1000
98430||1000
98450|t|1000
98463||1000
98472||1000
98489|t|1000
98490|t|1000
98527||1000
98550|t|1000
98589|t|1000
98590|t|1000
98604||1000
98639||1000
98650|t|1000
98689|t|1000
98690|t|1000
98723||1000
98725||1000
98744||1000
98750|t|1000
98789|t|1000
98790|t|1000
98799||1000
98807||1000
98850|t|1000
98889|t|1000
98890|t|1000
98950|t|1000
98951||1000
98989|t|1000
98990|t|1000
99050|t|1000
99089|t|1000
99090|t|1000
99133||1000
99150|t|1000
99183||1000
99187||1000
99189|t|1000
99190|t|1000
99234||1000
99250|t|1000
99251||1000
99289|t|1000
99290|t|1000
99297||1000
99350|t|1000
99389|t|1000
99390|t|1000
99408||1000
99445||1000
99450|t|1000
99489|t|1000
99490|t|1000
99550|t|1000
99564||1000
99573||1000
99589||1000
99589|t|1000
99590|t|1000
99621||1000
99650|t|1000
99665||1000
99674||1000
99689|t|1000
99690|t|1000
99715||1000
99724||1000
99750|t|1000
99789|t|1000
99790|t|1000
99850|t|1000
99889|t|1000
99890|t|1000
99893||1000
99914||1000
99943||1000
99950|t|1000
99953||1000
99989|t|1000
99990|t|1000